723.387 	0.443 	2.09 
731.690 	2.051 	3.37 
733.038 	2.452 	4.21 
734.299 	2.406 	4.32 
720.864 	0.288 	2.57 
729.152 	1.284 	3.33 
732.065 	1.983 	4.06 
734.439 	2.350 	4.39 
731.112 	1.308 	3.71 
733.471 	1.995 	3.84 
720.454 	0.267 	2.45 
727.693 	1.116 	3.28 
733.331 	1.895 	3.69 
733.703 	2.125 	3.93 
723.300 	0.507 	2.72 
727.458 	1.268 	2.82 
730.229 	1.669 	3.66 
732.824 	2.004 	3.93 
722.093 	0.391 	2.21 
728.537 	1.205 	3.18 
731.057 	1.820 	3.48 
732.148 	2.169 	3.76 
720.752 	0.305 	2.21 
726.565 	1.140 	3.03 
720.028 	0.309 	2.35 
727.933 	1.574 	3.02 
729.669 	1.488 	3.66 
733.384 	2.249 	3.99 
721.979 	0.510 	2.38 
730.792 	2.030 	3.08 
731.909 	1.967 	4.15 
732.848 	2.487 	4.12 
723.727 	0.416 	2.91 
723.696 	0.340 	2.61 
722.611 	0.317 	2.70 
727.441 	1.305 	3.49 
728.233 	1.526 	3.54 
726.907 	0.801 	3.41 
727.848 	1.361 	3.58 
728.214 	1.574 	3.32 
727.657 	1.570 	3.27 
729.077 	1.887 	3.82 
728.639 	1.704 	3.44 
728.899 	1.930 	3.40 
724.894 	0.395 	3.08 
725.925 	0.553 	3.17 
724.918 	0.382 	2.70 
729.961 	1.525 	3.34 
728.056 	1.026 	3.26 
727.682 	0.865 	3.43 
728.710 	1.268 	3.38 
728.411 	1.141 	3.38 
730.456 	1.641 	3.44 
725.449 	0.863 	2.82 
724.718 	0.702 	2.71 
728.454 	1.263 	2.84 
724.831 	0.392 	3.24 
726.033 	0.622 	3.18 
727.408 	0.846 	3.20 
728.523 	1.459 	3.48 
726.868 	0.838 	3.22 
728.628 	1.190 	3.46 
729.036 	1.826 	3.56 
729.372 	1.710 	3.81 
728.635 	1.604 	3.52 
728.810 	1.437 	3.40 
729.405 	1.525 	3.40 
729.536 	1.758 	3.60 
726.017 	0.490 	2.83 
726.030 	0.408 	2.99 
724.278 	0.332 	2.58 
729.208 	1.204 	3.47 
729.043 	1.326 	3.10 
730.048 	1.429 	3.41 
728.335 	1.337 	3.20 
728.278 	1.206 	2.65 
727.525 	1.132 	3.18 
728.326 	1.191 	3.31 
729.628 	1.271 	3.29 
728.939 	1.196 	3.52 
