75.9942450304031	0.825220160961151	21.0222363080978	3.26710104193443	14.7
180.046893063545	1.95990545535088	59.9997323172391	3.30463244714627	17.1
202.497338914871	2.24207983422279	68.7956622073203	3.31072848750555	18.4
206.20428269577	2.21152198112011	68.601701683566	3.31642272085436	18.9
59.6680623149872	0.714153574347496	15.5426096109301	3.25570315064409	13.9
146.708909379959	1.42002150988579	42.5265790003538	3.29315464899326	15.1
179.14436811161	1.91284320247173	58.5648800869882	3.30632473609103	18.1
200.193573856354	2.17265991091728	68.0809007695019	3.31705390039938	18.8
160.852682275772	1.43951979911327	45.5904782975465	3.30200721865931	15.4
193.397633076668	1.92310866773129	62.079655592382	3.31267499618591	16.5
57.3263997545242	0.699286934018135	15.3604195181578	3.25385102006593	11.5
127.681568201065	1.30061900484562	36.4061587340832	3.28656192115639	14.5
192.462888260841	1.85292757463455	59.4573796717823	3.31204071671319	16.3
205.119101561546	2.0144473528862	67.3355092386901	3.31372537819316	16.6
80.8085729112625	0.869955817699432	23.0866999882013	3.26670938917434	13.1
129.762840959549	1.40705394256115	39.8621967116445	3.28550359374305	14
159.021459830284	1.69054259216785	44.9165968790054	3.29802643409677	16.8
189.176325777054	1.92846085464954	56.8754553016573	3.30975308114427	18.9
68.9442846689224	0.787933675050736	19.899113813132	3.26125582085795	13.8
137.598217642784	1.36404992175102	38.8254556122571	3.29037550923778	16.7
176.386894067764	1.79740505301952	51.572340402633	3.30176899221904	17.4
191.538575892448	2.04304395782948	58.0700828501135	3.30670329118857	18.6
58.7062215147019	0.726787495017051	16.7652299671471	3.25519765458506	13.3
117.849715181351	1.3162683583498	34.7891762539893	3.28146792836089	14.6
54.4777593755722	0.729207967638969	16.3465043566376	3.25192787939999	13.9
141.853776073456	1.62132180726528	45.2801544398814	3.28765495195119	15.1
151.542624647141	1.56364905703068	47.980142177403	3.29549366802746	16.8
199.139781794548	2.10065330541134	68.9995186585635	3.3122871189788	19.3
72.6837715187073	0.871020160317421	22.4827980596721	3.26074331892703	15.3
176.664778812408	1.94381842076778	56.5608539682031	3.3005763261273	15.8
185.156092431068	1.90128378236294	60.28159474127	3.30561986382848	18.1
198.634419693947	2.26626301705837	67.1633946021944	3.30987107196987	18
81.0131088542938	0.805784046888351	19.7561037061512	3.26863607251889	14.9
77.5296728534699	0.752566578030586	18.6028795869946	3.26849455470822	14.8
73.6380419301987	0.735175430655479	17.4133470802158	3.26359383203587	14.9
126.680860590935	1.43254123818874	38.7646092679948	3.2854275506268	15.7
138.718018978119	1.5881455706358	44.8410486626625	3.28900891028352	16.3
117.07510007	1.07902754712105	30.6972003772855	3.28300579183764	15.8
132.668950915337	1.47234207320213	42.3279920607954	3.28726682757999	15.0
139.591924571991	1.62169731318951	45.3525967451185	3.2889240530042	15.3
130.136185127258	1.61824419927597	43.0007069734335	3.28640835328213	15.1
146.228243233681	1.84179690515995	48.9103012432903	3.29282790336707	15.8
140.411268819809	1.71331762778759	47.184214071542	3.2908460951653	15.5
144.109350006104	1.87157204508781	47.5460766577125	3.29202484328828	15.5
88.442644780159	0.791950047850609	20.2079171660989	3.2739062635087	14.5
103.542673182488	0.903987100601196	25.0507285553068	3.27856578462268	14.3
88.6140377235413	0.782956994056702	20.2896123029441	3.27401439815389	13.9
151.74032895565	1.58998124098778	51.9414017881304	3.29681318443213	13.1
127.507544059753	1.23817886996269	37.627313369751	3.28819957644561	12.4
123.585816576958	1.124889721632	33.3296663812399	3.2865072533398	12.8
133.246092271805	1.40864984273911	43.3123768657893	3.29115809380843	12.1
128.079238638878	1.31931426501274	40.7322073132992	3.28980517436695	12.4
158.289266169548	1.67181563067436	54.2051553466022	3.29905109456437	13.2
105.388621163368	1.12095706737041	32.2331906593442	3.27642215078086	11.3
92.7135283699036	1.00748016607761	26.5296215000898	3.27311748220913	11.5
133.736544762611	1.40459161067009	41.2421750481278	3.29000180274511	12.0
84.873673910141	0.790322446346283	20.6456170656979	3.27362167234189	15.7
99.6107905921936	0.953156495332718	26.8159358699173	3.2790549241208	15.7
116.460938175201	1.11151494705677	32.533444119513	3.28526938934847	16.2
141.463029614449	1.54187618887424	45.5828656564951	3.29031732732201	15.1
112.590771770477	1.10526585459709	32.5318039289564	3.28283038849659	15.0
133.595894481659	1.35403438460827	41.8488288889676	3.29078620118853	16.2
146.226904548645	1.79906435585022	48.029103463605	3.29264151988783	15.2
148.521806705475	1.71845036041737	49.1870686256438	3.29415671642837	15.5
140.132460939407	1.64332428765297	45.9956188165099	3.29082604253674	15.8
142.598663695335	1.52687381279469	46.6755923714042	3.29161308944886	14.9
150.043940329552	1.58913635265827	48.3407733559608	3.29430208056923	15.3
153.421807971954	1.75218985593319	51.2389990930259	3.29489835556435	14.9
96.5629225311279	0.8607014503479	25.3687248969525	3.27898003912338	14.1
92.8401918697357	0.80282063126564	22.5538344872892	3.2790371225343	13.8
76.7808615207672	0.747819509267807	18.9827193675786	3.27112292532067	12.9
138.904136842728	1.36438356840611	43.0674659252614	3.29340597622257	13.8
139.427040058136	1.44947316110134	44.5585979268998	3.29266319883908	14.0
151.779380454063	1.52297163236141	50.2192979363054	3.29720420130962	14.4
135.285497645378	1.45612946081161	43.7315711021721	3.289465824735	11.8
129.257940273285	1.36456116342545	41.337046493575	3.28920578828089	11.6
123.479325082779	1.31170904254913	38.9376611562371	3.2858034882902	11.9
130.503112595558	1.35407624387741	41.0787249315083	3.28942227615592	12.4
141.542332779884	1.41177946794033	45.5244770686775	3.29530418462051	13.2
135.622051828384	1.3584161053896	43.5866266487688	3.29219091268516	12.9
