0.812897197379119	0.443 	0.116 
1.68739346159021	2.051 	0.230 
2.49609669726097	2.452 	0.250 
2.45482386085252	2.406 	0.267 
1.04212928909953	0.288 	0.087 
1.63549041248068	1.284 	0.190 
2.4048031026253	1.983 	0.235 
2.48943306010929	2.350 	0.270 
1.72729909786233	1.308 	0.219 
1.91725630910565	1.995 	0.255 
0.885683682244445	0.267 	0.085 
1.23484487769893	1.116 	0.169 
1.74963465918468	1.895 	0.252 
2.01131764449291	2.125 	0.260 
1.01236864490849	0.507 	0.116 
1.03264701675521	1.268 	0.171 
1.72950070653912	1.669 	0.205 
2.05543931120426	2.004 	0.245 
0.735047595793976	0.391 	0.106 
1.32278852720317	1.205 	0.182 
1.45915074915601	1.820 	0.219 
1.88272256425291	2.169 	0.237 
0.84654861783984	0.305 	0.095 
1.31606805653417	1.140 	0.157 
1.04068220706086	0.309 	0.091 
1.33875357612164	1.574 	0.175 
1.89695714523374	1.488 	0.201 
2.18729976324823	2.249 	0.255 
0.914452506560797	0.510 	0.105 
1.47307224217547	2.030 	0.215 
2.14487785083925	1.967 	0.231 
2.21260308487442	2.487 	0.247 
0.914126648420005	0.416 	0.110 
0.961635392411998	0.340 	0.109 
1.02985931344963	0.317 	0.095 
1.80164915594381	1.305 	0.167 
1.60587570219726	1.526 	0.179 
1.43283333970268	0.801 	0.154 
1.68151173057518	1.361 	0.174 
1.63988676254105	1.574 	0.179 
1.65724722629265	1.570 	0.172 
2.39114404024503	1.887 	0.193 
1.72937079371862	1.704 	0.187 
1.7977153218495	1.930 	0.190 
1.06288738278711	0.395 	0.119 
1.25448895767605	0.553 	0.136 
1.03284982935154	0.382 	0.120 
1.53113750831512	1.525 	0.206 
1.51935813689293	1.026 	0.174 
1.53739323734552	0.865 	0.166 
1.68203692260158	1.268 	0.188 
1.59494900485197	1.141 	0.182 
1.77999913974795	1.641 	0.214 
1.16117647058824	0.863 	0.139 
1.03261180679785	0.702 	0.129 
1.24444314698584	1.263 	0.182 
1.04290354604297	0.392 	0.124 
1.06580243841752	0.622 	0.146 
1.05461137897782	0.846 	0.165 
1.72420844616848	1.459 	0.185 
1.34813059924348	0.838 	0.158 
1.45942878845423	1.190 	0.187 
1.81126256489562	1.826 	0.192 
1.81020506297698	1.710 	0.197 
1.52265029088559	1.604 	0.186 
1.51439940313355	1.437 	0.189 
1.54706951385734	1.525 	0.197 
1.64581183611533	1.758 	0.199 
1.08206327152247	0.490 	0.144 
1.17007573183164	0.408 	0.138 
0.870184558597354	0.332 	0.118 
1.69104175513093	1.204 	0.193 
1.52868234250222	1.326 	0.191 
1.63511618525093	1.429 	0.207 
1.51608746937664	1.337 	0.180 
1.1517203674005	1.206 	0.180 
1.28086068111455	1.132 	0.168 
1.56355924244796	1.191 	0.180 
1.62231290978974	1.271 	0.199 
1.68354415120334	1.196 	0.189 
