0.9014875687999999
2.0501712903800002
2.33577152966
2.30496956405
0.78893265281
1.50372116962
2.00259284449
2.2656737697000002
1.5236390321300002
2.01311053565
0.77387925271
1.38278600527
1.9420904495200002
2.1055483996
0.94674536592
1.49047645885
1.7774989960700003
2.01845898627
0.86369968154
1.44704333462
1.8857014090899997
2.13432650279
0.80176699685
1.39853856667
0.80418923833
1.70727167217
1.6490979177499998
2.19272741797
0.94774930535
2.0337971850499996
1.9908720243700002
2.36021710933
0.88178487938
0.82793965259
0.81025283381
1.51623475197
1.6737346951699998
1.1585088944200002
1.55654647342
1.70767804301
1.7041382817200001
1.93043925499
1.8004206850900002
1.9605420592999998
0.86784899909
0.9813062618
0.85875760176
1.6757705452599998
1.31965019162
1.20498580406
1.49220353492
1.4017855375
1.75861304422
1.20082849473
1.08596092175
1.48805821326
0.8662355034
1.03111575142
1.19144830283
1.6269649950699998
1.18507992922
1.43694400197
1.8872013243999999
1.80567953067
1.72960378438
1.6118139981500001
1.6748562108699998
1.83982606393
0.9375683594399999
0.87897225062
0.82319676234
1.44745370135
1.53352319169
1.60798544229
1.54018435576
1.4475473022799998
1.39399886184
1.43694000608
1.4954425139699998
1.44139010587
